th1Bailout=True
th1NumBailout=3.14159
th2Bailout=True
th2NumBailout=3.14159
DeltaT=0.001
Mass1=10
Mass2=10
Longitude=20
Gravity=9.81
referenced=False
rungeKutta=False
deltaT=0.001
maxIter=40000
minTh1=-5.57488
maxTh1=5.43961
minTh2=-3.57502
maxTh2=3.50192
th1Factor=0.0177653
th2Factor=0.0177813
